22222222222222222222222222222222
22222222222222222222222222222222
22222222222222222222222222222222
22222222222222222222222222222222
22222222222222222222222222222222
22222222222222222222222222222222
22222222222222222222222222222222
22222222222222222222222222222222
22222222222222222222222222222222
22222222222eeeeeeeeee22222222222
22222222222eeeeeeeeee22222222222
22222222222eeeeeeeeee22222222222
22222222222eeeeeeeeee22222222222
22222222222eeeeeeeeee22222222222
22222222222eeeeePeeee22222222222
222222222222222XX222222222222222
22222222222222222222222222222222
22222222222222222222222222222222
22222222222222222222222222222222
22222222222222222222222222222222
22222222222222222222222222222222
22222222222222222222222222222222
22222222222222222222222222222222
22222222222222222222222222222222